$par
  ln_H_input   ln_H_input     beta1_ct     beta1_ct     beta1_ct 
       0.232       -0.966        4.120        4.229        4.323 
    beta1_ct     beta1_ct     beta1_ct     beta1_ct     beta1_ct 
       5.093        5.428        4.105        5.056        4.168 
    beta1_ct     beta1_ct     beta1_ct     beta1_ct     beta1_ct 
       4.334        5.990        4.524        5.265        5.647 
    beta1_ct     beta1_ct     beta1_ct     beta1_ct     beta1_ct 
       4.886        5.074        4.753        4.997        6.219 
    beta1_ct     beta1_ct     beta1_ct     beta1_ct     beta1_ct 
       5.125        5.707        4.809        4.534        5.454 
    beta1_ct     beta1_ct     beta1_ct     beta1_ct     beta1_ct 
       4.747        4.572        4.198        2.877        3.426 
    beta1_ct     beta1_ct     beta1_ct     beta1_ct     beta1_ct 
       2.986        4.660        4.657        5.190        6.231 
  L_omega1_z L_epsilon1_z    logkappa1     beta2_ct     beta2_ct 
       1.946       -0.975       -4.120        7.517        8.740 
    beta2_ct     beta2_ct     beta2_ct     beta2_ct     beta2_ct 
       7.844        8.535        8.097        8.459        8.287 
    beta2_ct     beta2_ct     beta2_ct     beta2_ct     beta2_ct 
       8.243        8.046        8.170        8.063        8.213 
    beta2_ct     beta2_ct     beta2_ct     beta2_ct     beta2_ct 
       8.008        7.516        7.730        7.887        7.663 
    beta2_ct     beta2_ct     beta2_ct     beta2_ct     beta2_ct 
       7.405        8.198        8.166        7.847        8.542 
    beta2_ct     beta2_ct     beta2_ct     beta2_ct     beta2_ct 
       7.983        7.833        7.130        6.996        6.544 
    beta2_ct     beta2_ct     beta2_ct     beta2_ct     beta2_ct 
       6.056        7.291        7.546        7.247        7.513 
    beta2_ct   L_omega2_z L_epsilon2_z    logkappa2    logSigmaM 
       8.565       -1.106        1.123       -4.535        0.168 

$objective
[1] 57368

$convergence
[1] 1

$iterations
[1] 1

$evaluations
function gradient 
      13        1 

$message
[1] "false convergence (8)"

$run_time
Time difference of 1.41 mins

$number_of_coefficients
 Total  Fixed Random 
  7963     75   7888 

$AIC
[1] 114886

$diagnostics
          Param starting_value  Lower    MLE Upper final_gradient
1    ln_H_input         0.0000 -50.00  0.232 50.00      -2.19e-03
2    ln_H_input         0.0000 -50.00 -0.966 50.00      -2.06e-03
3      beta1_ct        -4.6410 -50.00  4.120 50.00      -1.99e-04
4      beta1_ct        -4.6410 -50.00  4.229 50.00      -6.24e-04
5      beta1_ct        -4.6410 -50.00  4.323 50.00      -5.93e-05
6      beta1_ct        -4.6410 -50.00  5.093 50.00      -1.87e-03
7      beta1_ct        -4.6410 -50.00  5.428 50.00      -2.61e-04
8      beta1_ct        -4.6410 -50.00  4.105 50.00      -1.53e-03
9      beta1_ct        -4.6410 -50.00  5.056 50.00       6.17e-04
10     beta1_ct        -4.6410 -50.00  4.168 50.00       4.40e-04
11     beta1_ct        -4.6410 -50.00  4.334 50.00       8.77e-04
12     beta1_ct        -4.6410 -50.00  5.990 50.00       1.28e-03
13     beta1_ct        -4.6410 -50.00  4.524 50.00      -8.75e-05
14     beta1_ct        -4.6410 -50.00  5.265 50.00       3.20e-04
15     beta1_ct        -4.6410 -50.00  5.647 50.00       1.76e-04
16     beta1_ct        -4.6410 -50.00  4.886 50.00      -3.01e-04
17     beta1_ct        -4.6410 -50.00  5.074 50.00       5.53e-04
18     beta1_ct        -4.6410 -50.00  4.753 50.00       2.43e-04
19     beta1_ct        -4.6410 -50.00  4.997 50.00       5.43e-04
20     beta1_ct        -4.6410 -50.00  6.219 50.00      -4.69e-04
21     beta1_ct        -4.6410 -50.00  5.125 50.00       5.26e-04
22     beta1_ct        -4.6410 -50.00  5.707 50.00      -5.00e-04
23     beta1_ct        -4.6410 -50.00  4.809 50.00       8.36e-06
24     beta1_ct        -4.6410 -50.00  4.534 50.00      -7.86e-04
25     beta1_ct        -4.6410 -50.00  5.454 50.00       4.97e-04
26     beta1_ct        -4.6410 -50.00  4.747 50.00      -4.95e-05
27     beta1_ct        -4.6410 -50.00  4.572 50.00      -2.70e-04
28     beta1_ct        -4.6410 -50.00  4.198 50.00       6.76e-04
29     beta1_ct        -4.6410 -50.00  2.877 50.00      -5.14e-04
30     beta1_ct        -4.6410 -50.00  3.426 50.00      -1.54e-04
31     beta1_ct        -4.6410 -50.00  2.986 50.00      -1.95e-04
32     beta1_ct        -4.6410 -50.00  4.660 50.00      -5.15e-04
33     beta1_ct        -4.6410 -50.00  4.657 50.00       1.26e-03
34     beta1_ct        -4.6410 -50.00  5.190 50.00       7.23e-04
35     beta1_ct        -4.6410 -50.00  6.231 50.00      -4.79e-04
36   L_omega1_z         0.8583 -50.00  1.946 50.00       3.15e-04
37 L_epsilon1_z        -0.0642 -50.00 -0.975 50.00      -9.23e-04
38    logkappa1        -0.1054  -6.01 -4.120 -2.57      -1.13e-04
39     beta2_ct         9.2196 -50.00  7.517 50.00      -6.35e-05
40     beta2_ct         9.2196 -50.00  8.740 50.00       5.50e-04
41     beta2_ct         9.2196 -50.00  7.844 50.00       1.80e-04
42     beta2_ct         9.2196 -50.00  8.535 50.00       1.81e-04
43     beta2_ct         9.2196 -50.00  8.097 50.00       2.29e-04
44     beta2_ct         9.2196 -50.00  8.459 50.00       3.00e-04
45     beta2_ct         9.2196 -50.00  8.287 50.00      -2.79e-04
46     beta2_ct         9.2196 -50.00  8.243 50.00      -3.29e-04
47     beta2_ct         9.2196 -50.00  8.046 50.00       2.14e-05
48     beta2_ct         9.2196 -50.00  8.170 50.00      -4.13e-04
49     beta2_ct         9.2196 -50.00  8.063 50.00       5.15e-05
50     beta2_ct         9.2196 -50.00  8.213 50.00       1.89e-04
51     beta2_ct         9.2196 -50.00  8.008 50.00       6.59e-05
52     beta2_ct         9.2196 -50.00  7.516 50.00       3.26e-05
53     beta2_ct         9.2196 -50.00  7.730 50.00       1.91e-04
54     beta2_ct         9.2196 -50.00  7.887 50.00       8.64e-05
55     beta2_ct         9.2196 -50.00  7.663 50.00       3.01e-04
56     beta2_ct         9.2196 -50.00  7.405 50.00       1.97e-04
57     beta2_ct         9.2196 -50.00  8.198 50.00       3.68e-05
58     beta2_ct         9.2196 -50.00  8.166 50.00       3.39e-04
59     beta2_ct         9.2196 -50.00  7.847 50.00      -4.54e-05
60     beta2_ct         9.2196 -50.00  8.542 50.00       3.63e-05
61     beta2_ct         9.2196 -50.00  7.983 50.00       3.10e-04
62     beta2_ct         9.2196 -50.00  7.833 50.00      -3.81e-05
63     beta2_ct         9.2196 -50.00  7.130 50.00      -2.94e-04
64     beta2_ct         9.2196 -50.00  6.996 50.00      -2.73e-04
65     beta2_ct         9.2196 -50.00  6.544 50.00      -3.59e-04
66     beta2_ct         9.2196 -50.00  6.056 50.00      -8.61e-04
67     beta2_ct         9.2196 -50.00  7.291 50.00      -1.49e-04
68     beta2_ct         9.2196 -50.00  7.546 50.00       2.27e-04
69     beta2_ct         9.2196 -50.00  7.247 50.00      -3.03e-04
70     beta2_ct         9.2196 -50.00  7.513 50.00       1.34e-04
71     beta2_ct         9.2196 -50.00  8.565 50.00      -2.77e-04
72   L_omega2_z        -0.0123 -50.00 -1.106 50.00       2.85e-03
73 L_epsilon2_z         0.9570 -50.00  1.123 50.00       1.04e-03
74    logkappa2        -0.1054  -6.01 -4.535 -2.57       2.71e-03
75    logSigmaM         1.6094 -50.00  0.168 10.00       3.56e-03

$SD
sdreport(.) result
             Estimate Std. Error
ln_H_input      0.232    0.07188
ln_H_input     -0.966    0.10749
beta1_ct        4.120    0.66058
beta1_ct        4.229    0.65975
beta1_ct        4.323    0.66040
beta1_ct        5.093    0.71725
beta1_ct        5.428    0.75120
beta1_ct        4.105    0.65006
beta1_ct        5.056    0.70438
beta1_ct        4.168    0.64794
beta1_ct        4.334    0.65571
beta1_ct        5.990    0.81050
beta1_ct        4.524    0.67065
beta1_ct        5.265    0.72234
beta1_ct        5.647    0.76516
beta1_ct        4.886    0.68852
beta1_ct        5.074    0.70551
beta1_ct        4.753    0.67922
beta1_ct        4.997    0.70273
beta1_ct        6.219    0.85757
beta1_ct        5.125    0.71713
beta1_ct        5.707    0.77567
beta1_ct        4.809    0.68418
beta1_ct        4.534    0.66825
beta1_ct        5.454    0.74333
beta1_ct        4.747    0.68083
beta1_ct        4.572    0.67019
beta1_ct        4.198    0.64768
beta1_ct        2.877    0.60183
beta1_ct        3.426    0.61640
beta1_ct        2.986    0.60662
beta1_ct        4.660    0.67427
beta1_ct        4.657    0.67166
beta1_ct        5.190    0.71414
beta1_ct        6.231    0.85439
L_omega1_z      1.946    0.23372
L_epsilon1_z   -0.975    0.12229
logkappa1      -4.120    0.15353
beta2_ct        7.517    0.59009
beta2_ct        8.740    0.58778
beta2_ct        7.844    0.58823
beta2_ct        8.535    0.58524
beta2_ct        8.097    0.58686
beta2_ct        8.459    0.58759
beta2_ct        8.287    0.58470
beta2_ct        8.243    0.58505
beta2_ct        8.046    0.58553
beta2_ct        8.170    0.58426
beta2_ct        8.063    0.58614
beta2_ct        8.213    0.58531
beta2_ct        8.008    0.58561
beta2_ct        7.516    0.58592
beta2_ct        7.730    0.58599
beta2_ct        7.887    0.58495
beta2_ct        7.663    0.58562
beta2_ct        7.405    0.58566
beta2_ct        8.198    0.58558
beta2_ct        8.166    0.58548
beta2_ct        7.847    0.58777
beta2_ct        8.542    0.58591
beta2_ct        7.983    0.58634
beta2_ct        7.833    0.58733
beta2_ct        7.130    0.58769
beta2_ct        6.996    0.58728
beta2_ct        6.544    0.59024
beta2_ct        6.056    0.58715
beta2_ct        7.291    0.58910
beta2_ct        7.546    0.58527
beta2_ct        7.247    0.58797
beta2_ct        7.513    0.58555
beta2_ct        8.565    0.58489
L_omega2_z     -1.106    0.09194
L_epsilon2_z    1.123    0.03580
logkappa2      -4.535    0.05888
logSigmaM       0.168    0.00626
Maximum gradient component: 0.00356 

